x1, y1, z1, x2, y2, z2, Metrology_Out
0, 0.006, 0, 0.014, 0.006, 0, 7.18159176837515e-05
0, 0.006, 0.001, 0.014, 0.006, 0.001, 0.0102942482001314
0, 0.006, 0.002, 0.014, 0.006, 0.002, 0.010108781352141
0, 0.006, 0.003, 0.014, 0.006, 0.003, 0.0100286572787038
0, 0.006, 0.004, 0.014, 0.006, 0.004, 0.0100080814545251
0, 0.006, 0.005, 0.014, 0.006, 0.005, 0.0100049512629912
0, 0.006, 0.006, 0.014, 0.006, 0.006, 0.0100215718034475
0, 0.006, 0.007, 0.014, 0.006, 0.007, 0.0100068566774346
0, 0.006, 0.008, 0.014, 0.006, 0.008, 0.0100273165497188
0, 0.006, 0.009000000000000001, 0.014, 0.006, 0.009000000000000001, 0.0102027307159069
0, 0.006, 0.010000000000000002, 0.014, 0.006, 0.010000000000000002, 0.000162428179923758
0, 0.006, 0.011000000000000003, 0.014, 0.006, 0.011000000000000003, 0
0, 0.006, 0.012000000000000004, 0.014, 0.006, 0.012000000000000004, 0
0, 0.006, 0.013000000000000005, 0.014, 0.006, 0.013000000000000005, 0
0, 0.006, 0.014000000000000005, 0.014, 0.006, 0.014000000000000005, 0
0, 0.006, 0.015000000000000006, 0.014, 0.006, 0.015000000000000006, 6.35494401312283e-05
0, 0.006, 0.016000000000000007, 0.014, 0.006, 0.016000000000000007, 0.0100064478372592
0, 0.006, 0.017000000000000008, 0.014, 0.006, 0.017000000000000008, 0.0100085207109505
0, 0.006, 0.01800000000000001, 0.014, 0.006, 0.01800000000000001, 0.00995491220455674
0, 0.006, 0.01900000000000001, 0.014, 0.006, 0.01900000000000001, 0.00992449217047542
0, 0.006, 0.02000000000000001, 0.014, 0.006, 0.02000000000000001, 0.00989999990319568
0, 0.006, 0.02100000000000001, 0.014, 0.006, 0.02100000000000001, 0.00997737194080353
0, 0.006, 0.022000000000000013, 0.014, 0.006, 0.022000000000000013, 0.0100234761450074
0, 0.006, 0.023000000000000013, 0.014, 0.006, 0.023000000000000013, 0.0100133654688177
0, 0.006, 0.024000000000000014, 0.014, 0.006, 0.024000000000000014, 0.0101598854692732
0, 0.006, 0.025000000000000015, 0.014, 0.006, 0.025000000000000015, 0.000162002887292239
0, 0.006, 0.026000000000000016, 0.014, 0.006, 0.026000000000000016, 0
0, 0.006, 0.027000000000000017, 0.014, 0.006, 0.027000000000000017, 0
0, 0.006, 0.028000000000000018, 0.014, 0.006, 0.028000000000000018, 0
0, 0.006, 0.02900000000000002, 0.014, 0.006, 0.02900000000000002, 0
0, 0.006, 0.03000000000000002, 0.014, 0.006, 0.03000000000000002, 5.26102802228465e-05
0, 0.006, 0.03100000000000002, 0.014, 0.006, 0.03100000000000002, 0.00979528801995939
0, 0.006, 0.03200000000000002, 0.014, 0.006, 0.03200000000000002, 0.00980316116164801
0, 0.006, 0.03300000000000002, 0.014, 0.006, 0.03300000000000002, 0.00970038316897394
0, 0.006, 0.03400000000000002, 0.014, 0.006, 0.03400000000000002, 0.00971531496382897
0, 0.006, 0.035000000000000024, 0.014, 0.006, 0.035000000000000024, 0.00970621523008845
0, 0.006, 0.036000000000000025, 0.014, 0.006, 0.036000000000000025, 0.00973050789855113
0, 0.006, 0.037000000000000026, 0.014, 0.006, 0.037000000000000026, 0.00973271419425824
0, 0.006, 0.03800000000000003, 0.014, 0.006, 0.03800000000000003, 0.00970642908261111
0, 0.006, 0.03900000000000003, 0.014, 0.006, 0.03900000000000003, 0.0100076142316007
0, 0.007, 0, 0.014, 0.007, 0, 0.0102635486568084
0, 0.007, 0.001, 0.014, 0.007, 0.001, 0.010081728395586
0, 0.007, 0.002, 0.014, 0.007, 0.002, 0.00995015120313559
0, 0.007, 0.003, 0.014, 0.007, 0.003, 0.00989999990319568
0, 0.007, 0.004, 0.014, 0.007, 0.004, 0.00996389600875442
0, 0.007, 0.005, 0.014, 0.007, 0.005, 0.00989999990319568
0, 0.007, 0.006, 0.014, 0.007, 0.006, 0.00981011398378842
0, 0.007, 0.007, 0.014, 0.007, 0.007, 0.00989999990319568
0, 0.007, 0.008, 0.014, 0.007, 0.008, 0.00990820387915803
0, 0.007, 0.009000000000000001, 0.014, 0.007, 0.009000000000000001, 0.0100008560216038
0, 0.007, 0.010000000000000002, 0.014, 0.007, 0.010000000000000002, 0.0101633338700974
0, 0.007, 0.011000000000000003, 0.014, 0.007, 0.011000000000000003, 0
0, 0.007, 0.012000000000000004, 0.014, 0.007, 0.012000000000000004, 0
0, 0.007, 0.013000000000000005, 0.014, 0.007, 0.013000000000000005, 0
0, 0.007, 0.014000000000000005, 0.014, 0.007, 0.014000000000000005, 0
0, 0.007, 0.015000000000000006, 0.014, 0.007, 0.015000000000000006, 0.00995783651946414
0, 0.007, 0.016000000000000007, 0.014, 0.007, 0.016000000000000007, 0.00993618777066209
0, 0.007, 0.017000000000000008, 0.014, 0.007, 0.017000000000000008, 0.00983952200924244
0, 0.007, 0.01800000000000001, 0.014, 0.007, 0.01800000000000001, 0.00976635050760617
0, 0.007, 0.01900000000000001, 0.014, 0.007, 0.01900000000000001, 0.00975450453160773
0, 0.007, 0.02000000000000001, 0.014, 0.007, 0.02000000000000001, 0.00973704582766448
0, 0.007, 0.02100000000000001, 0.014, 0.007, 0.02100000000000001, 0.00977672400451401
0, 0.007, 0.022000000000000013, 0.014, 0.007, 0.022000000000000013, 0.00987351437689292
0, 0.007, 0.023000000000000013, 0.014, 0.007, 0.023000000000000013, 0.00989999990319568
0, 0.007, 0.024000000000000014, 0.014, 0.007, 0.024000000000000014, 0.00999652452230799
0, 0.007, 0.025000000000000015, 0.014, 0.007, 0.025000000000000015, 0.000325788071546201
0, 0.007, 0.026000000000000016, 0.014, 0.007, 0.026000000000000016, 0
0, 0.007, 0.027000000000000017, 0.014, 0.007, 0.027000000000000017, 0
0, 0.007, 0.028000000000000018, 0.014, 0.007, 0.028000000000000018, 0
0, 0.007, 0.02900000000000002, 0.014, 0.007, 0.02900000000000002, 0
0, 0.007, 0.03000000000000002, 0.014, 0.007, 0.03000000000000002, 0.0096566072853875
0, 0.007, 0.03100000000000002, 0.014, 0.007, 0.03100000000000002, 0.00959999990612914
0, 0.007, 0.03200000000000002, 0.014, 0.007, 0.03200000000000002, 0.00961519530513081
0, 0.007, 0.03300000000000002, 0.014, 0.007, 0.03300000000000002, 0.00961984613146499
0, 0.007, 0.03400000000000002, 0.014, 0.007, 0.03400000000000002, 0.00959999990612914
0, 0.007, 0.035000000000000024, 0.014, 0.007, 0.035000000000000024, 0.0096236953539384
0, 0.007, 0.036000000000000025, 0.014, 0.007, 0.036000000000000025, 0.00959999990612914
0, 0.007, 0.037000000000000026, 0.014, 0.007, 0.037000000000000026, 0.00961503767841407
0, 0.007, 0.03800000000000003, 0.014, 0.007, 0.03800000000000003, 0.00969285704807831
0, 0.007, 0.03900000000000003, 0.014, 0.007, 0.03900000000000003, 0.00979594280081771
0, 0.008, 0, 0.014, 0.008, 0, 0.0101588709364592
0, 0.008, 0.001, 0.014, 0.008, 0.001, 0.0100466934980051
0, 0.008, 0.002, 0.014, 0.008, 0.002, 0.00989999990319568
0, 0.008, 0.003, 0.014, 0.008, 0.003, 0.00974514997013189
0, 0.008, 0.004, 0.014, 0.008, 0.004, 0.00989999990319568
0, 0.008, 0.005, 0.014, 0.008, 0.005, 0.00984548379092434
0, 0.008, 0.006, 0.014, 0.008, 0.006, 0.00989999990319568
0, 0.008, 0.007, 0.014, 0.008, 0.007, 0.00959999990612914
0, 0.008, 0.008, 0.014, 0.008, 0.008, 0.0097540555834672
0, 0.008, 0.009000000000000001, 0.014, 0.008, 0.009000000000000001, 0.0098537731578038
0, 0.008, 0.010000000000000002, 0.014, 0.008, 0.010000000000000002, 0.0100202023540915
0, 0.008, 0.011000000000000003, 0.014, 0.008, 0.011000000000000003, 0
0, 0.008, 0.012000000000000004, 0.014, 0.008, 0.012000000000000004, 0
0, 0.008, 0.013000000000000005, 0.014, 0.008, 0.013000000000000005, 0
0, 0.008, 0.014000000000000005, 0.014, 0.008, 0.014000000000000005, 0
0, 0.008, 0.015000000000000006, 0.014, 0.008, 0.015000000000000006, 0.00991985171870209
0, 0.008, 0.016000000000000007, 0.014, 0.008, 0.016000000000000007, 0.00987280757906162
0, 0.008, 0.017000000000000008, 0.014, 0.008, 0.017000000000000008, 0.00973365452308548
0, 0.008, 0.01800000000000001, 0.014, 0.008, 0.01800000000000001, 0.00968892397645237
0, 0.008, 0.01900000000000001, 0.014, 0.008, 0.01900000000000001, 0.00959999990612914
0, 0.008, 0.02000000000000001, 0.014, 0.008, 0.02000000000000001, 0.00975067229869308
0, 0.008, 0.02100000000000001, 0.014, 0.008, 0.02100000000000001, 0.00970263854910555
0, 0.008, 0.022000000000000013, 0.014, 0.008, 0.022000000000000013, 0.00972770473087777
0, 0.008, 0.023000000000000013, 0.014, 0.008, 0.023000000000000013, 0.0097482566744558
0, 0.008, 0.024000000000000014, 0.014, 0.008, 0.024000000000000014, 0.00987324209691779
0, 0.008, 0.025000000000000015, 0.014, 0.008, 0.025000000000000015, 0.000327944424045105
0, 0.008, 0.026000000000000016, 0.014, 0.008, 0.026000000000000016, 0
0, 0.008, 0.027000000000000017, 0.014, 0.008, 0.027000000000000017, 0
0, 0.008, 0.028000000000000018, 0.014, 0.008, 0.028000000000000018, 0
0, 0.008, 0.02900000000000002, 0.014, 0.008, 0.02900000000000002, 0
0, 0.008, 0.03000000000000002, 0.014, 0.008, 0.03000000000000002, 0.00962505719501803
0, 0.008, 0.03100000000000002, 0.014, 0.008, 0.03100000000000002, 0.00968124990533466
0, 0.008, 0.03200000000000002, 0.014, 0.008, 0.03200000000000002, 0.00945970240522172
0, 0.008, 0.03300000000000002, 0.014, 0.008, 0.03300000000000002, 0.00944033839412338
0, 0.008, 0.03400000000000002, 0.014, 0.008, 0.03400000000000002, 0.0094389533908086
0, 0.008, 0.035000000000000024, 0.014, 0.008, 0.035000000000000024, 0.00944676913322485
0, 0.008, 0.036000000000000025, 0.014, 0.008, 0.036000000000000025, 0.00948176173236999
0, 0.008, 0.037000000000000026, 0.014, 0.008, 0.037000000000000026, 0.00952351589427326
0, 0.008, 0.03800000000000003, 0.014, 0.008, 0.03800000000000003, 0.00949736784350546
0, 0.008, 0.03900000000000003, 0.014, 0.008, 0.03900000000000003, 0.0097441124380509
0, 0.009000000000000001, 0, 0.014, 0.009000000000000001, 0, 0.0101814164119796
0, 0.009000000000000001, 0.001, 0.014, 0.009000000000000001, 0.001, 0.0100056660538053
0, 0.009000000000000001, 0.002, 0.014, 0.009000000000000001, 0.002, 0.00987005958442716
0, 0.009000000000000001, 0.003, 0.014, 0.009000000000000001, 0.003, 0.00973232659717798
0, 0.009000000000000001, 0.004, 0.014, 0.009000000000000001, 0.004, 0.00971998021932992
0, 0.009000000000000001, 0.005, 0.014, 0.009000000000000001, 0.005, 0.00959999990612914
0, 0.009000000000000001, 0.006, 0.014, 0.009000000000000001, 0.006, 0.0097932784732223
0, 0.009000000000000001, 0.007, 0.014, 0.009000000000000001, 0.007, 0.00972981962584324
0, 0.009000000000000001, 0.008, 0.014, 0.009000000000000001, 0.008, 0.00975478514431212
0, 0.009000000000000001, 0.009000000000000001, 0.014, 0.009000000000000001, 0.009000000000000001, 0.00986569409260278
0, 0.009000000000000001, 0.010000000000000002, 0.014, 0.009000000000000001, 0.010000000000000002, 0.00986450447033143
0, 0.009000000000000001, 0.011000000000000003, 0.014, 0.009000000000000001, 0.011000000000000003, 0
0, 0.009000000000000001, 0.012000000000000004, 0.014, 0.009000000000000001, 0.012000000000000004, 0
0, 0.009000000000000001, 0.013000000000000005, 0.014, 0.009000000000000001, 0.013000000000000005, 0
0, 0.009000000000000001, 0.014000000000000005, 0.014, 0.009000000000000001, 0.014000000000000005, 0
0, 0.009000000000000001, 0.015000000000000006, 0.014, 0.009000000000000001, 0.015000000000000006, 0.00989839867807362
0, 0.009000000000000001, 0.016000000000000007, 0.014, 0.009000000000000001, 0.016000000000000007, 0.00979531995612775
0, 0.009000000000000001, 0.017000000000000008, 0.014, 0.009000000000000001, 0.017000000000000008, 0.00962921649115177
0, 0.009000000000000001, 0.01800000000000001, 0.014, 0.009000000000000001, 0.01800000000000001, 0.00959999990612914
0, 0.009000000000000001, 0.01900000000000001, 0.014, 0.009000000000000001, 0.01900000000000001, 0.00962406796641111
0, 0.009000000000000001, 0.02000000000000001, 0.014, 0.009000000000000001, 0.02000000000000001, 0.00968536122507481
0, 0.009000000000000001, 0.02100000000000001, 0.014, 0.009000000000000001, 0.02100000000000001, 0.00962066913600072
0, 0.009000000000000001, 0.022000000000000013, 0.014, 0.009000000000000001, 0.022000000000000013, 0.00959999990612914
0, 0.009000000000000001, 0.023000000000000013, 0.014, 0.009000000000000001, 0.023000000000000013, 0.00968519126243189
0, 0.009000000000000001, 0.024000000000000014, 0.014, 0.009000000000000001, 0.024000000000000014, 0.00980957096163797
0, 0.009000000000000001, 0.025000000000000015, 0.014, 0.009000000000000001, 0.025000000000000015, 0.00033432775396778
0, 0.009000000000000001, 0.026000000000000016, 0.014, 0.009000000000000001, 0.026000000000000016, 0
0, 0.009000000000000001, 0.027000000000000017, 0.014, 0.009000000000000001, 0.027000000000000017, 0
0, 0.009000000000000001, 0.028000000000000018, 0.014, 0.009000000000000001, 0.028000000000000018, 0
0, 0.009000000000000001, 0.02900000000000002, 0.014, 0.009000000000000001, 0.02900000000000002, 0
0, 0.009000000000000001, 0.03000000000000002, 0.014, 0.009000000000000001, 0.03000000000000002, 0.00959068760732627
0, 0.009000000000000001, 0.03100000000000002, 0.014, 0.009000000000000001, 0.03100000000000002, 0.00959999990612914
0, 0.009000000000000001, 0.03200000000000002, 0.014, 0.009000000000000001, 0.03200000000000002, 0.00943783774555264
0, 0.009000000000000001, 0.03300000000000002, 0.014, 0.009000000000000001, 0.03300000000000002, 0.00946898109594596
0, 0.009000000000000001, 0.03400000000000002, 0.014, 0.009000000000000001, 0.03400000000000002, 0.00929999990906261
0, 0.009000000000000001, 0.035000000000000024, 0.014, 0.009000000000000001, 0.035000000000000024, 0.00944334179763843
0, 0.009000000000000001, 0.036000000000000025, 0.014, 0.009000000000000001, 0.036000000000000025, 0.00939252944047118
0, 0.009000000000000001, 0.037000000000000026, 0.014, 0.009000000000000001, 0.037000000000000026, 0.00929999990906261
0, 0.009000000000000001, 0.03800000000000003, 0.014, 0.009000000000000001, 0.03800000000000003, 0.00948641652725588
0, 0.009000000000000001, 0.03900000000000003, 0.014, 0.009000000000000001, 0.03900000000000003, 0.00972868187749373
0, 0.010000000000000002, 0, 0.014, 0.010000000000000002, 0, 0.0101779393768852
0, 0.010000000000000002, 0.001, 0.014, 0.010000000000000002, 0.001, 0.00999130425012897
0, 0.010000000000000002, 0.002, 0.014, 0.010000000000000002, 0.002, 0.00977620374537718
0, 0.010000000000000002, 0.003, 0.014, 0.010000000000000002, 0.003, 0.00973500595408442
0, 0.010000000000000002, 0.004, 0.014, 0.010000000000000002, 0.004, 0.00976831093415598
0, 0.010000000000000002, 0.005, 0.014, 0.010000000000000002, 0.005, 0.00959999990612914
0, 0.010000000000000002, 0.006, 0.014, 0.010000000000000002, 0.006, 0.00981328996957051
0, 0.010000000000000002, 0.007, 0.014, 0.010000000000000002, 0.007, 0.00974232670377251
0, 0.010000000000000002, 0.008, 0.014, 0.010000000000000002, 0.008, 0.00978583164183035
0, 0.010000000000000002, 0.009000000000000001, 0.014, 0.010000000000000002, 0.009000000000000001, 0.00982425035168646
0, 0.010000000000000002, 0.010000000000000002, 0.014, 0.010000000000000002, 0.010000000000000002, 0.0097934398752823
0, 0.010000000000000002, 0.011000000000000003, 0.014, 0.010000000000000002, 0.011000000000000003, 0
0, 0.010000000000000002, 0.012000000000000004, 0.014, 0.010000000000000002, 0.012000000000000004, 0
0, 0.010000000000000002, 0.013000000000000005, 0.014, 0.010000000000000002, 0.013000000000000005, 0
0, 0.010000000000000002, 0.014000000000000005, 0.014, 0.010000000000000002, 0.014000000000000005, 0
0, 0.010000000000000002, 0.015000000000000006, 0.014, 0.010000000000000002, 0.015000000000000006, 0.00987507183730498
0, 0.010000000000000002, 0.016000000000000007, 0.014, 0.010000000000000002, 0.016000000000000007, 0.00987720101950366
0, 0.010000000000000002, 0.017000000000000008, 0.014, 0.010000000000000002, 0.017000000000000008, 0.00968595376080319
0, 0.010000000000000002, 0.01800000000000001, 0.014, 0.010000000000000002, 0.01800000000000001, 0.00959999990612914
0, 0.010000000000000002, 0.01900000000000001, 0.014, 0.010000000000000002, 0.01900000000000001, 0.00967770640625718
0, 0.010000000000000002, 0.02000000000000001, 0.014, 0.010000000000000002, 0.02000000000000001, 0.00964051365366352
0, 0.010000000000000002, 0.02100000000000001, 0.014, 0.010000000000000002, 0.02100000000000001, 0.00967810239865157
0, 0.010000000000000002, 0.022000000000000013, 0.014, 0.010000000000000002, 0.022000000000000013, 0.0096791955418656
0, 0.010000000000000002, 0.023000000000000013, 0.014, 0.010000000000000002, 0.023000000000000013, 0.00973261014243087
0, 0.010000000000000002, 0.024000000000000014, 0.014, 0.010000000000000002, 0.024000000000000014, 0.00985117259525676
0, 0.010000000000000002, 0.025000000000000015, 0.014, 0.010000000000000002, 0.025000000000000015, 0.000338076473112458
0, 0.010000000000000002, 0.026000000000000016, 0.014, 0.010000000000000002, 0.026000000000000016, 0
0, 0.010000000000000002, 0.027000000000000017, 0.014, 0.010000000000000002, 0.027000000000000017, 0
0, 0.010000000000000002, 0.028000000000000018, 0.014, 0.010000000000000002, 0.028000000000000018, 0
0, 0.010000000000000002, 0.02900000000000002, 0.014, 0.010000000000000002, 0.02900000000000002, 0
0, 0.010000000000000002, 0.03000000000000002, 0.014, 0.010000000000000002, 0.03000000000000002, 0.00959950999171667
0, 0.010000000000000002, 0.03100000000000002, 0.014, 0.010000000000000002, 0.03100000000000002, 0.00959999990612914
0, 0.010000000000000002, 0.03200000000000002, 0.014, 0.010000000000000002, 0.03200000000000002, 0.00947879334956362
0, 0.010000000000000002, 0.03300000000000002, 0.014, 0.010000000000000002, 0.03300000000000002, 0.00948204152253029
0, 0.010000000000000002, 0.03400000000000002, 0.014, 0.010000000000000002, 0.03400000000000002, 0.00944949694870702
0, 0.010000000000000002, 0.035000000000000024, 0.014, 0.010000000000000002, 0.035000000000000024, 0.00943357768967212
0, 0.010000000000000002, 0.036000000000000025, 0.014, 0.010000000000000002, 0.036000000000000025, 0.00937317064005445
0, 0.010000000000000002, 0.037000000000000026, 0.014, 0.010000000000000002, 0.037000000000000026, 0.00929999990906261
0, 0.010000000000000002, 0.03800000000000003, 0.014, 0.010000000000000002, 0.03800000000000003, 0.0094587156026534
0, 0.010000000000000002, 0.03900000000000003, 0.014, 0.010000000000000002, 0.03900000000000003, 0.00968481918640099
0, 0.011000000000000003, 0, 0.014, 0.011000000000000003, 0, 0.0100121192621249
0, 0.011000000000000003, 0.001, 0.014, 0.011000000000000003, 0.001, 0.00991468895366688
0, 0.011000000000000003, 0.002, 0.014, 0.011000000000000003, 0.002, 0.00977079650146299
0, 0.011000000000000003, 0.003, 0.014, 0.011000000000000003, 0.003, 0.00978442382185777
0, 0.011000000000000003, 0.004, 0.014, 0.011000000000000003, 0.004, 0.00977781607484444
0, 0.011000000000000003, 0.005, 0.014, 0.011000000000000003, 0.005, 0.00959999990612914
0, 0.011000000000000003, 0.006, 0.014, 0.011000000000000003, 0.006, 0.00974385428437643
0, 0.011000000000000003, 0.007, 0.014, 0.011000000000000003, 0.007, 0.00975325708985128
0, 0.011000000000000003, 0.008, 0.014, 0.011000000000000003, 0.008, 0.00978784796561549
0, 0.011000000000000003, 0.009000000000000001, 0.014, 0.011000000000000003, 0.009000000000000001, 0.00983678089894439
0, 0.011000000000000003, 0.010000000000000002, 0.014, 0.011000000000000003, 0.010000000000000002, 0.00996990211393985
0, 0.011000000000000003, 0.011000000000000003, 0.014, 0.011000000000000003, 0.011000000000000003, 0
0, 0.011000000000000003, 0.012000000000000004, 0.014, 0.011000000000000003, 0.012000000000000004, 0
0, 0.011000000000000003, 0.013000000000000005, 0.014, 0.011000000000000003, 0.013000000000000005, 0
0, 0.011000000000000003, 0.014000000000000005, 0.014, 0.011000000000000003, 0.014000000000000005, 0
0, 0.011000000000000003, 0.015000000000000006, 0.014, 0.011000000000000003, 0.015000000000000006, 0.00994143947850828
0, 0.011000000000000003, 0.016000000000000007, 0.014, 0.011000000000000003, 0.016000000000000007, 0.0098290766291337
0, 0.011000000000000003, 0.017000000000000008, 0.014, 0.011000000000000003, 0.017000000000000008, 0.00964930444610237
0, 0.011000000000000003, 0.01800000000000001, 0.014, 0.011000000000000003, 0.01800000000000001, 0.00966835275226205
0, 0.011000000000000003, 0.01900000000000001, 0.014, 0.011000000000000003, 0.01900000000000001, 0.00961602937713138
0, 0.011000000000000003, 0.02000000000000001, 0.014, 0.011000000000000003, 0.02000000000000001, 0.00963160929649608
0, 0.011000000000000003, 0.02100000000000001, 0.014, 0.011000000000000003, 0.02100000000000001, 0.00959999990612914
0, 0.011000000000000003, 0.022000000000000013, 0.014, 0.011000000000000003, 0.022000000000000013, 0.00961601972229661
0, 0.011000000000000003, 0.023000000000000013, 0.014, 0.011000000000000003, 0.023000000000000013, 0.00973810226931885
0, 0.011000000000000003, 0.024000000000000014, 0.014, 0.011000000000000003, 0.024000000000000014, 0.00989999990319568
0, 0.011000000000000003, 0.025000000000000015, 0.014, 0.011000000000000003, 0.025000000000000015, 0.000301579335363242
0, 0.011000000000000003, 0.026000000000000016, 0.014, 0.011000000000000003, 0.026000000000000016, 0
0, 0.011000000000000003, 0.027000000000000017, 0.014, 0.011000000000000003, 0.027000000000000017, 0
0, 0.011000000000000003, 0.028000000000000018, 0.014, 0.011000000000000003, 0.028000000000000018, 0
0, 0.011000000000000003, 0.02900000000000002, 0.014, 0.011000000000000003, 0.02900000000000002, 0
0, 0.011000000000000003, 0.03000000000000002, 0.014, 0.011000000000000003, 0.03000000000000002, 0.00960470622624971
0, 0.011000000000000003, 0.03100000000000002, 0.014, 0.011000000000000003, 0.03100000000000002, 0.00959999990612914
0, 0.011000000000000003, 0.03200000000000002, 0.014, 0.011000000000000003, 0.03200000000000002, 0.00953313606596455
0, 0.011000000000000003, 0.03300000000000002, 0.014, 0.011000000000000003, 0.03300000000000002, 0.00940607293289437
0, 0.011000000000000003, 0.03400000000000002, 0.014, 0.011000000000000003, 0.03400000000000002, 0.00943175378755983
0, 0.011000000000000003, 0.035000000000000024, 0.014, 0.011000000000000003, 0.035000000000000024, 0.00940455972893062
0, 0.011000000000000003, 0.036000000000000025, 0.014, 0.011000000000000003, 0.036000000000000025, 0.00936152860756098
0, 0.011000000000000003, 0.037000000000000026, 0.014, 0.011000000000000003, 0.037000000000000026, 0.00929999990906261
0, 0.011000000000000003, 0.03800000000000003, 0.014, 0.011000000000000003, 0.03800000000000003, 0.00954820645055801
0, 0.011000000000000003, 0.03900000000000003, 0.014, 0.011000000000000003, 0.03900000000000003, 0.00970266421784557
0, 0.012000000000000004, 0, 0.014, 0.012000000000000004, 0, 0.00999963089582612
0, 0.012000000000000004, 0.001, 0.014, 0.012000000000000004, 0.001, 0.00989999990319568
0, 0.012000000000000004, 0.002, 0.014, 0.012000000000000004, 0.002, 0.00981658522424562
0, 0.012000000000000004, 0.003, 0.014, 0.012000000000000004, 0.003, 0.00959999990612914
0, 0.012000000000000004, 0.004, 0.014, 0.012000000000000004, 0.004, 0.00959999990612914
0, 0.012000000000000004, 0.005, 0.014, 0.012000000000000004, 0.005, 0.00972725078488783
0, 0.012000000000000004, 0.006, 0.014, 0.012000000000000004, 0.006, 0.00977592772819085
0, 0.012000000000000004, 0.007, 0.014, 0.012000000000000004, 0.007, 0.00965236770311101
0, 0.012000000000000004, 0.008, 0.014, 0.012000000000000004, 0.008, 0.00959999990612914
0, 0.012000000000000004, 0.009000000000000001, 0.014, 0.012000000000000004, 0.009000000000000001, 0.00989999990319568
0, 0.012000000000000004, 0.010000000000000002, 0.014, 0.012000000000000004, 0.010000000000000002, 0.0100086040696306
0, 0.012000000000000004, 0.011000000000000003, 0.014, 0.012000000000000004, 0.011000000000000003, 0
0, 0.012000000000000004, 0.012000000000000004, 0.014, 0.012000000000000004, 0.012000000000000004, 0
0, 0.012000000000000004, 0.013000000000000005, 0.014, 0.012000000000000004, 0.013000000000000005, 0
0, 0.012000000000000004, 0.014000000000000005, 0.014, 0.012000000000000004, 0.014000000000000005, 0
0, 0.012000000000000004, 0.015000000000000006, 0.014, 0.012000000000000004, 0.015000000000000006, 0.00988431604376232
0, 0.012000000000000004, 0.016000000000000007, 0.014, 0.012000000000000004, 0.016000000000000007, 0.00977175335269761
0, 0.012000000000000004, 0.017000000000000008, 0.014, 0.012000000000000004, 0.017000000000000008, 0.00959999990612914
0, 0.012000000000000004, 0.01800000000000001, 0.014, 0.012000000000000004, 0.01800000000000001, 0.00963254762707763
0, 0.012000000000000004, 0.01900000000000001, 0.014, 0.012000000000000004, 0.01900000000000001, 0.0096011224796019
0, 0.012000000000000004, 0.02000000000000001, 0.014, 0.012000000000000004, 0.02000000000000001, 0.00960928188311819
0, 0.012000000000000004, 0.02100000000000001, 0.014, 0.012000000000000004, 0.02100000000000001, 0.00963408565265039
0, 0.012000000000000004, 0.022000000000000013, 0.014, 0.012000000000000004, 0.022000000000000013, 0.00966777145498933
0, 0.012000000000000004, 0.023000000000000013, 0.014, 0.012000000000000004, 0.023000000000000013, 0.00973383165616709
0, 0.012000000000000004, 0.024000000000000014, 0.014, 0.012000000000000004, 0.024000000000000014, 0.00989999990319568
0, 0.012000000000000004, 0.025000000000000015, 0.014, 0.012000000000000004, 0.025000000000000015, 0.000398921628622698
0, 0.012000000000000004, 0.026000000000000016, 0.014, 0.012000000000000004, 0.026000000000000016, 0
0, 0.012000000000000004, 0.027000000000000017, 0.014, 0.012000000000000004, 0.027000000000000017, 0
0, 0.012000000000000004, 0.028000000000000018, 0.014, 0.012000000000000004, 0.028000000000000018, 0
0, 0.012000000000000004, 0.02900000000000002, 0.014, 0.012000000000000004, 0.02900000000000002, 0
0, 0.012000000000000004, 0.03000000000000002, 0.014, 0.012000000000000004, 0.03000000000000002, 0.00963671305293354
0, 0.012000000000000004, 0.03100000000000002, 0.014, 0.012000000000000004, 0.03100000000000002, 0.00960674189826115
0, 0.012000000000000004, 0.03200000000000002, 0.014, 0.012000000000000004, 0.03200000000000002, 0.00946649264973464
0, 0.012000000000000004, 0.03300000000000002, 0.014, 0.012000000000000004, 0.03300000000000002, 0.00940915160813434
0, 0.012000000000000004, 0.03400000000000002, 0.014, 0.012000000000000004, 0.03400000000000002, 0.00935448313745175
0, 0.012000000000000004, 0.035000000000000024, 0.014, 0.012000000000000004, 0.035000000000000024, 0.00929999990906261
0, 0.012000000000000004, 0.036000000000000025, 0.014, 0.012000000000000004, 0.036000000000000025, 0.00940521653038638
0, 0.012000000000000004, 0.037000000000000026, 0.014, 0.012000000000000004, 0.037000000000000026, 0.00929999990906261
0, 0.012000000000000004, 0.03800000000000003, 0.014, 0.012000000000000004, 0.03800000000000003, 0.00950677207949176
0, 0.012000000000000004, 0.03900000000000003, 0.014, 0.012000000000000004, 0.03900000000000003, 0.00959999990612914
0, 0.013000000000000005, 0, 0.014, 0.013000000000000005, 0, 0.0101064112494606
0, 0.013000000000000005, 0.001, 0.014, 0.013000000000000005, 0.001, 0.00996816281316941
0, 0.013000000000000005, 0.002, 0.014, 0.013000000000000005, 0.002, 0.00979662272291494
0, 0.013000000000000005, 0.003, 0.014, 0.013000000000000005, 0.003, 0.00977958377573773
0, 0.013000000000000005, 0.004, 0.014, 0.013000000000000005, 0.004, 0.00974319043765174
0, 0.013000000000000005, 0.005, 0.014, 0.013000000000000005, 0.005, 0.00973600843863463
0, 0.013000000000000005, 0.006, 0.014, 0.013000000000000005, 0.006, 0.00959999990612914
0, 0.013000000000000005, 0.007, 0.014, 0.013000000000000005, 0.007, 0.00977546211459181
0, 0.013000000000000005, 0.008, 0.014, 0.013000000000000005, 0.008, 0.00959999990612914
0, 0.013000000000000005, 0.009000000000000001, 0.014, 0.013000000000000005, 0.009000000000000001, 0.0098505128791339
0, 0.013000000000000005, 0.010000000000000002, 0.014, 0.013000000000000005, 0.010000000000000002, 0.0100056668674086
0, 0.013000000000000005, 0.011000000000000003, 0.014, 0.013000000000000005, 0.011000000000000003, 0
0, 0.013000000000000005, 0.012000000000000004, 0.014, 0.013000000000000005, 0.012000000000000004, 0
0, 0.013000000000000005, 0.013000000000000005, 0.014, 0.013000000000000005, 0.013000000000000005, 0
0, 0.013000000000000005, 0.014000000000000005, 0.014, 0.013000000000000005, 0.014000000000000005, 0
0, 0.013000000000000005, 0.015000000000000006, 0.014, 0.013000000000000005, 0.015000000000000006, 0.00981131797375926
0, 0.013000000000000005, 0.016000000000000007, 0.014, 0.013000000000000005, 0.016000000000000007, 0.00959999990612914
0, 0.013000000000000005, 0.017000000000000008, 0.014, 0.013000000000000005, 0.017000000000000008, 0.00963691511267736
0, 0.013000000000000005, 0.01800000000000001, 0.014, 0.013000000000000005, 0.01800000000000001, 0.00966564517851705
0, 0.013000000000000005, 0.01900000000000001, 0.014, 0.013000000000000005, 0.01900000000000001, 0.00966490977045654
0, 0.013000000000000005, 0.02000000000000001, 0.014, 0.013000000000000005, 0.02000000000000001, 0.00965343462326183
0, 0.013000000000000005, 0.02100000000000001, 0.014, 0.013000000000000005, 0.02100000000000001, 0.00959999990612914
0, 0.013000000000000005, 0.022000000000000013, 0.014, 0.013000000000000005, 0.022000000000000013, 0.00961433505030016
0, 0.013000000000000005, 0.023000000000000013, 0.014, 0.013000000000000005, 0.023000000000000013, 0.00977409538606094
0, 0.013000000000000005, 0.024000000000000014, 0.014, 0.013000000000000005, 0.024000000000000014, 0.00981447352110885
0, 0.013000000000000005, 0.025000000000000015, 0.014, 0.013000000000000005, 0.025000000000000015, 0.00033988752032763
0, 0.013000000000000005, 0.026000000000000016, 0.014, 0.013000000000000005, 0.026000000000000016, 0
0, 0.013000000000000005, 0.027000000000000017, 0.014, 0.013000000000000005, 0.027000000000000017, 0
0, 0.013000000000000005, 0.028000000000000018, 0.014, 0.013000000000000005, 0.028000000000000018, 0
0, 0.013000000000000005, 0.02900000000000002, 0.014, 0.013000000000000005, 0.02900000000000002, 0
0, 0.013000000000000005, 0.03000000000000002, 0.014, 0.013000000000000005, 0.03000000000000002, 0.00959963496477414
0, 0.013000000000000005, 0.03100000000000002, 0.014, 0.013000000000000005, 0.03100000000000002, 0.00956516110484741
0, 0.013000000000000005, 0.03200000000000002, 0.014, 0.013000000000000005, 0.03200000000000002, 0.00948243637945621
0, 0.013000000000000005, 0.03300000000000002, 0.014, 0.013000000000000005, 0.03300000000000002, 0.00944988426862568
0, 0.013000000000000005, 0.03400000000000002, 0.014, 0.013000000000000005, 0.03400000000000002, 0.00939637824943737
0, 0.013000000000000005, 0.035000000000000024, 0.014, 0.013000000000000005, 0.035000000000000024, 0.00937738753030468
0, 0.013000000000000005, 0.036000000000000025, 0.014, 0.013000000000000005, 0.036000000000000025, 0.00938002245194888
0, 0.013000000000000005, 0.037000000000000026, 0.014, 0.013000000000000005, 0.037000000000000026, 0.00929999990906261
0, 0.013000000000000005, 0.03800000000000003, 0.014, 0.013000000000000005, 0.03800000000000003, 0.00957664855891103
0, 0.013000000000000005, 0.03900000000000003, 0.014, 0.013000000000000005, 0.03900000000000003, 0.00968950847449448
0, 0.014000000000000005, 0, 0.014, 0.014000000000000005, 0, 0.01016678826599
0, 0.014000000000000005, 0.001, 0.014, 0.014000000000000005, 0.001, 0.0100061539923238
0, 0.014000000000000005, 0.002, 0.014, 0.014000000000000005, 0.002, 0.00977618132211003
0, 0.014000000000000005, 0.003, 0.014, 0.014000000000000005, 0.003, 0.00973412165660295
0, 0.014000000000000005, 0.004, 0.014, 0.014000000000000005, 0.004, 0.00959999990612914
0, 0.014000000000000005, 0.005, 0.014, 0.014000000000000005, 0.005, 0.00959999990612914
0, 0.014000000000000005, 0.006, 0.014, 0.014000000000000005, 0.006, 0.00979979359461856
0, 0.014000000000000005, 0.007, 0.014, 0.014000000000000005, 0.007, 0.00959999990612914
0, 0.014000000000000005, 0.008, 0.014, 0.014000000000000005, 0.008, 0.00978768740858543
0, 0.014000000000000005, 0.009000000000000001, 0.014, 0.014000000000000005, 0.009000000000000001, 0.00989999990319568
0, 0.014000000000000005, 0.010000000000000002, 0.014, 0.014000000000000005, 0.010000000000000002, 0.00996699810998804
0, 0.014000000000000005, 0.011000000000000003, 0.014, 0.014000000000000005, 0.011000000000000003, 0
0, 0.014000000000000005, 0.012000000000000004, 0.014, 0.014000000000000005, 0.012000000000000004, 0
0, 0.014000000000000005, 0.013000000000000005, 0.014, 0.014000000000000005, 0.013000000000000005, 0
0, 0.014000000000000005, 0.014000000000000005, 0.014, 0.014000000000000005, 0.014000000000000005, 0
0, 0.014000000000000005, 0.015000000000000006, 0.014, 0.014000000000000005, 0.015000000000000006, 0.00993937966641383
0, 0.014000000000000005, 0.016000000000000007, 0.014, 0.014000000000000005, 0.016000000000000007, 0.00959999990612914
0, 0.014000000000000005, 0.017000000000000008, 0.014, 0.014000000000000005, 0.017000000000000008, 0.0096909089961493
0, 0.014000000000000005, 0.01800000000000001, 0.014, 0.014000000000000005, 0.01800000000000001, 0.00966336983380988
0, 0.014000000000000005, 0.01900000000000001, 0.014, 0.014000000000000005, 0.01900000000000001, 0.00959999990612914
0, 0.014000000000000005, 0.02000000000000001, 0.014, 0.014000000000000005, 0.02000000000000001, 0.00967588578538055
0, 0.014000000000000005, 0.02100000000000001, 0.014, 0.014000000000000005, 0.02100000000000001, 0.00963105824336488
0, 0.014000000000000005, 0.022000000000000013, 0.014, 0.014000000000000005, 0.022000000000000013, 0.00963094946637935
0, 0.014000000000000005, 0.023000000000000013, 0.014, 0.014000000000000005, 0.023000000000000013, 0.00959999990612914
0, 0.014000000000000005, 0.024000000000000014, 0.014, 0.014000000000000005, 0.024000000000000014, 0.00972745897794953
0, 0.014000000000000005, 0.025000000000000015, 0.014, 0.014000000000000005, 0.025000000000000015, 0.000314070579318782
0, 0.014000000000000005, 0.026000000000000016, 0.014, 0.014000000000000005, 0.026000000000000016, 0
0, 0.014000000000000005, 0.027000000000000017, 0.014, 0.014000000000000005, 0.027000000000000017, 0
0, 0.014000000000000005, 0.028000000000000018, 0.014, 0.014000000000000005, 0.028000000000000018, 0
0, 0.014000000000000005, 0.02900000000000002, 0.014, 0.014000000000000005, 0.02900000000000002, 0
0, 0.014000000000000005, 0.03000000000000002, 0.014, 0.014000000000000005, 0.03000000000000002, 0.00961206506009845
0, 0.014000000000000005, 0.03100000000000002, 0.014, 0.014000000000000005, 0.03100000000000002, 0.00959999990612914
0, 0.014000000000000005, 0.03200000000000002, 0.014, 0.014000000000000005, 0.03200000000000002, 0.00958009641339621
0, 0.014000000000000005, 0.03300000000000002, 0.014, 0.014000000000000005, 0.03300000000000002, 0.00948070276049848
0, 0.014000000000000005, 0.03400000000000002, 0.014, 0.014000000000000005, 0.03400000000000002, 0.00948910748024585
0, 0.014000000000000005, 0.035000000000000024, 0.014, 0.014000000000000005, 0.035000000000000024, 0.00945539731674377
0, 0.014000000000000005, 0.036000000000000025, 0.014, 0.014000000000000005, 0.036000000000000025, 0.00941027118004761
0, 0.014000000000000005, 0.037000000000000026, 0.014, 0.014000000000000005, 0.037000000000000026, 0.00929999990906261
0, 0.014000000000000005, 0.03800000000000003, 0.014, 0.014000000000000005, 0.03800000000000003, 0.00950978738307403
0, 0.014000000000000005, 0.03900000000000003, 0.014, 0.014000000000000005, 0.03900000000000003, 0.00967975998592517
0, 0.015000000000000006, 0, 0.014, 0.015000000000000006, 0, 0.0101214571575655
0, 0.015000000000000006, 0.001, 0.014, 0.015000000000000006, 0.001, 0.00997659564712756
0, 0.015000000000000006, 0.002, 0.014, 0.015000000000000006, 0.002, 0.0098076700801277
0, 0.015000000000000006, 0.003, 0.014, 0.015000000000000006, 0.003, 0.00972915223860268
0, 0.015000000000000006, 0.004, 0.014, 0.015000000000000006, 0.004, 0.00959999990612914
0, 0.015000000000000006, 0.005, 0.014, 0.015000000000000006, 0.005, 0.00962048523257659
0, 0.015000000000000006, 0.006, 0.014, 0.015000000000000006, 0.006, 0.00970941374642604
0, 0.015000000000000006, 0.007, 0.014, 0.015000000000000006, 0.007, 0.00969573271926661
0, 0.015000000000000006, 0.008, 0.014, 0.015000000000000006, 0.008, 0.00959999990612914
0, 0.015000000000000006, 0.009000000000000001, 0.014, 0.015000000000000006, 0.009000000000000001, 0.00989999990319568
0, 0.015000000000000006, 0.010000000000000002, 0.014, 0.015000000000000006, 0.010000000000000002, 0.0098835848914734
0, 0.015000000000000006, 0.011000000000000003, 0.014, 0.015000000000000006, 0.011000000000000003, 0
0, 0.015000000000000006, 0.012000000000000004, 0.014, 0.015000000000000006, 0.012000000000000004, 0
0, 0.015000000000000006, 0.013000000000000005, 0.014, 0.015000000000000006, 0.013000000000000005, 0
0, 0.015000000000000006, 0.014000000000000005, 0.014, 0.015000000000000006, 0.014000000000000005, 0
0, 0.015000000000000006, 0.015000000000000006, 0.014, 0.015000000000000006, 0.015000000000000006, 0.00985575934250061
0, 0.015000000000000006, 0.016000000000000007, 0.014, 0.015000000000000006, 0.016000000000000007, 0.00959999990612914
0, 0.015000000000000006, 0.017000000000000008, 0.014, 0.015000000000000006, 0.017000000000000008, 0.0096889183259321
0, 0.015000000000000006, 0.01800000000000001, 0.014, 0.015000000000000006, 0.01800000000000001, 0.00967247377861851
0, 0.015000000000000006, 0.01900000000000001, 0.014, 0.015000000000000006, 0.01900000000000001, 0.00965007825445491
0, 0.015000000000000006, 0.02000000000000001, 0.014, 0.015000000000000006, 0.02000000000000001, 0.00959999990612914
0, 0.015000000000000006, 0.02100000000000001, 0.014, 0.015000000000000006, 0.02100000000000001, 0.00963880468420639
0, 0.015000000000000006, 0.022000000000000013, 0.014, 0.015000000000000006, 0.022000000000000013, 0.00960028129436912
0, 0.015000000000000006, 0.023000000000000013, 0.014, 0.015000000000000006, 0.023000000000000013, 0.00962955444724917
0, 0.015000000000000006, 0.024000000000000014, 0.014, 0.015000000000000006, 0.024000000000000014, 0.00977624725080697
0, 0.015000000000000006, 0.025000000000000015, 0.014, 0.015000000000000006, 0.025000000000000015, 0.000314713245533164
0, 0.015000000000000006, 0.026000000000000016, 0.014, 0.015000000000000006, 0.026000000000000016, 0
0, 0.015000000000000006, 0.027000000000000017, 0.014, 0.015000000000000006, 0.027000000000000017, 0
0, 0.015000000000000006, 0.028000000000000018, 0.014, 0.015000000000000006, 0.028000000000000018, 0
0, 0.015000000000000006, 0.02900000000000002, 0.014, 0.015000000000000006, 0.02900000000000002, 0
0, 0.015000000000000006, 0.03000000000000002, 0.014, 0.015000000000000006, 0.03000000000000002, 0.00960953720650338
0, 0.015000000000000006, 0.03100000000000002, 0.014, 0.015000000000000006, 0.03100000000000002, 0.00958055852224217
0, 0.015000000000000006, 0.03200000000000002, 0.014, 0.015000000000000006, 0.03200000000000002, 0.00948715649507167
0, 0.015000000000000006, 0.03300000000000002, 0.014, 0.015000000000000006, 0.03300000000000002, 0.00940006368505407
0, 0.015000000000000006, 0.03400000000000002, 0.014, 0.015000000000000006, 0.03400000000000002, 0.00939357426816062
0, 0.015000000000000006, 0.035000000000000024, 0.014, 0.015000000000000006, 0.035000000000000024, 0.00941488410565119
0, 0.015000000000000006, 0.036000000000000025, 0.014, 0.015000000000000006, 0.036000000000000025, 0.00946018069672858
0, 0.015000000000000006, 0.037000000000000026, 0.014, 0.015000000000000006, 0.037000000000000026, 0.00929999990906261
0, 0.015000000000000006, 0.03800000000000003, 0.014, 0.015000000000000006, 0.03800000000000003, 0.00941443017754264
0, 0.015000000000000006, 0.03900000000000003, 0.014, 0.015000000000000006, 0.03900000000000003, 0.00972258371442546
0, 0.016000000000000007, 0, 0.014, 0.016000000000000007, 0, 0.010230751640894
0, 0.016000000000000007, 0.001, 0.014, 0.016000000000000007, 0.001, 0.00996734684131266
0, 0.016000000000000007, 0.002, 0.014, 0.016000000000000007, 0.002, 0.00970946123046583
0, 0.016000000000000007, 0.003, 0.014, 0.016000000000000007, 0.003, 0.00969199217319589
0, 0.016000000000000007, 0.004, 0.014, 0.016000000000000007, 0.004, 0.00965423840977016
0, 0.016000000000000007, 0.005, 0.014, 0.016000000000000007, 0.005, 0.00969613651688916
0, 0.016000000000000007, 0.006, 0.014, 0.016000000000000007, 0.006, 0.00969503488001333
0, 0.016000000000000007, 0.007, 0.014, 0.016000000000000007, 0.007, 0.00959999990612914
0, 0.016000000000000007, 0.008, 0.014, 0.016000000000000007, 0.008, 0.00981095347943909
0, 0.016000000000000007, 0.009000000000000001, 0.014, 0.016000000000000007, 0.009000000000000001, 0.00989999990319568
0, 0.016000000000000007, 0.010000000000000002, 0.014, 0.016000000000000007, 0.010000000000000002, 0.00985044315064089
0, 0.016000000000000007, 0.011000000000000003, 0.014, 0.016000000000000007, 0.011000000000000003, 0
0, 0.016000000000000007, 0.012000000000000004, 0.014, 0.016000000000000007, 0.012000000000000004, 0
0, 0.016000000000000007, 0.013000000000000005, 0.014, 0.016000000000000007, 0.013000000000000005, 0
0, 0.016000000000000007, 0.014000000000000005, 0.014, 0.016000000000000007, 0.014000000000000005, 0
0, 0.016000000000000007, 0.015000000000000006, 0.014, 0.016000000000000007, 0.015000000000000006, 0.00986140627159025
0, 0.016000000000000007, 0.016000000000000007, 0.014, 0.016000000000000007, 0.016000000000000007, 0.00971294184366346
0, 0.016000000000000007, 0.017000000000000008, 0.014, 0.016000000000000007, 0.017000000000000008, 0.00959999990612914
0, 0.016000000000000007, 0.01800000000000001, 0.014, 0.016000000000000007, 0.01800000000000001, 0.00964769100351837
0, 0.016000000000000007, 0.01900000000000001, 0.014, 0.016000000000000007, 0.01900000000000001, 0.00959999990612914
0, 0.016000000000000007, 0.02000000000000001, 0.014, 0.016000000000000007, 0.02000000000000001, 0.00964099595954316
0, 0.016000000000000007, 0.02100000000000001, 0.014, 0.016000000000000007, 0.02100000000000001, 0.00962396825752713
0, 0.016000000000000007, 0.022000000000000013, 0.014, 0.016000000000000007, 0.022000000000000013, 0.00961570818372258
0, 0.016000000000000007, 0.023000000000000013, 0.014, 0.016000000000000007, 0.023000000000000013, 0.00966113009989738
0, 0.016000000000000007, 0.024000000000000014, 0.014, 0.016000000000000007, 0.024000000000000014, 0.0098804251419964
0, 0.016000000000000007, 0.025000000000000015, 0.014, 0.016000000000000007, 0.025000000000000015, 0.000279605043180613
0, 0.016000000000000007, 0.026000000000000016, 0.014, 0.016000000000000007, 0.026000000000000016, 0
0, 0.016000000000000007, 0.027000000000000017, 0.014, 0.016000000000000007, 0.027000000000000017, 0
0, 0.016000000000000007, 0.028000000000000018, 0.014, 0.016000000000000007, 0.028000000000000018, 0
0, 0.016000000000000007, 0.02900000000000002, 0.014, 0.016000000000000007, 0.02900000000000002, 0
0, 0.016000000000000007, 0.03000000000000002, 0.014, 0.016000000000000007, 0.03000000000000002, 0.00959645813856658
0, 0.016000000000000007, 0.03100000000000002, 0.014, 0.016000000000000007, 0.03100000000000002, 0.00967659565006102
0, 0.016000000000000007, 0.03200000000000002, 0.014, 0.016000000000000007, 0.03200000000000002, 0.00946858310977622
0, 0.016000000000000007, 0.03300000000000002, 0.014, 0.016000000000000007, 0.03300000000000002, 0.00940272354230116
0, 0.016000000000000007, 0.03400000000000002, 0.014, 0.016000000000000007, 0.03400000000000002, 0.00941276136075407
0, 0.016000000000000007, 0.035000000000000024, 0.014, 0.016000000000000007, 0.035000000000000024, 0.00942074784365385
0, 0.016000000000000007, 0.036000000000000025, 0.014, 0.016000000000000007, 0.036000000000000025, 0.00945754158189766
0, 0.016000000000000007, 0.037000000000000026, 0.014, 0.016000000000000007, 0.037000000000000026, 0.00938734953165018
0, 0.016000000000000007, 0.03800000000000003, 0.014, 0.016000000000000007, 0.03800000000000003, 0.00945480603271291
0, 0.016000000000000007, 0.03900000000000003, 0.014, 0.016000000000000007, 0.03900000000000003, 0.00966999373666202
0, 0.017000000000000008, 0, 0.014, 0.017000000000000008, 0, 0.0101321394942886
0, 0.017000000000000008, 0.001, 0.014, 0.017000000000000008, 0.001, 0.0100378377396857
0, 0.017000000000000008, 0.002, 0.014, 0.017000000000000008, 0.002, 0.0097828247603843
0, 0.017000000000000008, 0.003, 0.014, 0.017000000000000008, 0.003, 0.00970464222180496
0, 0.017000000000000008, 0.004, 0.014, 0.017000000000000008, 0.004, 0.00969609330650235
0, 0.017000000000000008, 0.005, 0.014, 0.017000000000000008, 0.005, 0.00959999990612914
0, 0.017000000000000008, 0.006, 0.014, 0.017000000000000008, 0.006, 0.00971235075632793
0, 0.017000000000000008, 0.007, 0.014, 0.017000000000000008, 0.007, 0.00967331955510856
0, 0.017000000000000008, 0.008, 0.014, 0.017000000000000008, 0.008, 0.00959999990612914
0, 0.017000000000000008, 0.009000000000000001, 0.014, 0.017000000000000008, 0.009000000000000001, 0.00983415886084403
0, 0.017000000000000008, 0.010000000000000002, 0.014, 0.017000000000000008, 0.010000000000000002, 0.0100071168338251
0, 0.017000000000000008, 0.011000000000000003, 0.014, 0.017000000000000008, 0.011000000000000003, 0
0, 0.017000000000000008, 0.012000000000000004, 0.014, 0.017000000000000008, 0.012000000000000004, 0
0, 0.017000000000000008, 0.013000000000000005, 0.014, 0.017000000000000008, 0.013000000000000005, 0
0, 0.017000000000000008, 0.014000000000000005, 0.014, 0.017000000000000008, 0.014000000000000005, 0
0, 0.017000000000000008, 0.015000000000000006, 0.014, 0.017000000000000008, 0.015000000000000006, 0.0098422204187734
0, 0.017000000000000008, 0.016000000000000007, 0.014, 0.017000000000000008, 0.016000000000000007, 0.00974485410459905
0, 0.017000000000000008, 0.017000000000000008, 0.014, 0.017000000000000008, 0.017000000000000008, 0.00959999990612914
0, 0.017000000000000008, 0.01800000000000001, 0.014, 0.017000000000000008, 0.01800000000000001, 0.00959999990612914
0, 0.017000000000000008, 0.01900000000000001, 0.014, 0.017000000000000008, 0.01900000000000001, 0.0096103324825861
0, 0.017000000000000008, 0.02000000000000001, 0.014, 0.017000000000000008, 0.02000000000000001, 0.00960306999578578
0, 0.017000000000000008, 0.02100000000000001, 0.014, 0.017000000000000008, 0.02100000000000001, 0.00964863785458381
0, 0.017000000000000008, 0.022000000000000013, 0.014, 0.017000000000000008, 0.022000000000000013, 0.00959999990612914
0, 0.017000000000000008, 0.023000000000000013, 0.014, 0.017000000000000008, 0.023000000000000013, 0.00959999990612914
0, 0.017000000000000008, 0.024000000000000014, 0.014, 0.017000000000000008, 0.024000000000000014, 0.00989999990319568
0, 0.017000000000000008, 0.025000000000000015, 0.014, 0.017000000000000008, 0.025000000000000015, 0.000370237508749284
0, 0.017000000000000008, 0.026000000000000016, 0.014, 0.017000000000000008, 0.026000000000000016, 0
0, 0.017000000000000008, 0.027000000000000017, 0.014, 0.017000000000000008, 0.027000000000000017, 0
0, 0.017000000000000008, 0.028000000000000018, 0.014, 0.017000000000000008, 0.028000000000000018, 0
0, 0.017000000000000008, 0.02900000000000002, 0.014, 0.017000000000000008, 0.02900000000000002, 0
0, 0.017000000000000008, 0.03000000000000002, 0.014, 0.017000000000000008, 0.03000000000000002, 0.00959810397776481
0, 0.017000000000000008, 0.03100000000000002, 0.014, 0.017000000000000008, 0.03100000000000002, 0.0095681670922238
0, 0.017000000000000008, 0.03200000000000002, 0.014, 0.017000000000000008, 0.03200000000000002, 0.00944390634004567
0, 0.017000000000000008, 0.03300000000000002, 0.014, 0.017000000000000008, 0.03300000000000002, 0.00941058659888398
0, 0.017000000000000008, 0.03400000000000002, 0.014, 0.017000000000000008, 0.03400000000000002, 0.00946729818861951
0, 0.017000000000000008, 0.035000000000000024, 0.014, 0.017000000000000008, 0.035000000000000024, 0.00949717967760421
0, 0.017000000000000008, 0.036000000000000025, 0.014, 0.017000000000000008, 0.036000000000000025, 0.00929999990906261
0, 0.017000000000000008, 0.037000000000000026, 0.014, 0.017000000000000008, 0.037000000000000026, 0.00943151400701694
0, 0.017000000000000008, 0.03800000000000003, 0.014, 0.017000000000000008, 0.03800000000000003, 0.00948869518896151
0, 0.017000000000000008, 0.03900000000000003, 0.014, 0.017000000000000008, 0.03900000000000003, 0.0096857141910053
0, 0.01800000000000001, 0, 0.014, 0.01800000000000001, 0, 0.0099689097705238
0, 0.01800000000000001, 0.001, 0.014, 0.01800000000000001, 0.001, 0.00991267561383924
0, 0.01800000000000001, 0.002, 0.014, 0.01800000000000001, 0.002, 0.00977792854880803
0, 0.01800000000000001, 0.003, 0.014, 0.01800000000000001, 0.003, 0.00972830265784622
0, 0.01800000000000001, 0.004, 0.014, 0.01800000000000001, 0.004, 0.0096796297020939
0, 0.01800000000000001, 0.005, 0.014, 0.01800000000000001, 0.005, 0.00959999990612914
0, 0.01800000000000001, 0.006, 0.014, 0.01800000000000001, 0.006, 0.00959999990612914
0, 0.01800000000000001, 0.007, 0.014, 0.01800000000000001, 0.007, 0.00975337097644494
0, 0.01800000000000001, 0.008, 0.014, 0.01800000000000001, 0.008, 0.00959999990612914
0, 0.01800000000000001, 0.009000000000000001, 0.014, 0.01800000000000001, 0.009000000000000001, 0.00989999990319568
0, 0.01800000000000001, 0.010000000000000002, 0.014, 0.01800000000000001, 0.010000000000000002, 0.00995640071431639
0, 0.01800000000000001, 0.011000000000000003, 0.014, 0.01800000000000001, 0.011000000000000003, 0
0, 0.01800000000000001, 0.012000000000000004, 0.014, 0.01800000000000001, 0.012000000000000004, 0
0, 0.01800000000000001, 0.013000000000000005, 0.014, 0.01800000000000001, 0.013000000000000005, 0
0, 0.01800000000000001, 0.014000000000000005, 0.014, 0.01800000000000001, 0.014000000000000005, 0
0, 0.01800000000000001, 0.015000000000000006, 0.014, 0.01800000000000001, 0.015000000000000006, 0.00988664508629345
0, 0.01800000000000001, 0.016000000000000007, 0.014, 0.01800000000000001, 0.016000000000000007, 0.00979313608368779
0, 0.01800000000000001, 0.017000000000000008, 0.014, 0.01800000000000001, 0.017000000000000008, 0.00966889161251822
0, 0.01800000000000001, 0.01800000000000001, 0.014, 0.01800000000000001, 0.01800000000000001, 0.00970312490512076
0, 0.01800000000000001, 0.01900000000000001, 0.014, 0.01800000000000001, 0.01900000000000001, 0.00962393078259721
0, 0.01800000000000001, 0.02000000000000001, 0.014, 0.01800000000000001, 0.02000000000000001, 0.0096470487172836
0, 0.01800000000000001, 0.02100000000000001, 0.014, 0.01800000000000001, 0.02100000000000001, 0.00964313960778899
0, 0.01800000000000001, 0.022000000000000013, 0.014, 0.01800000000000001, 0.022000000000000013, 0.00965045888226214
0, 0.01800000000000001, 0.023000000000000013, 0.014, 0.01800000000000001, 0.023000000000000013, 0.00974339576969052
0, 0.01800000000000001, 0.024000000000000014, 0.014, 0.01800000000000001, 0.024000000000000014, 0.00982920859381595
0, 0.01800000000000001, 0.025000000000000015, 0.014, 0.01800000000000001, 0.025000000000000015, 0.000248702204775817
0, 0.01800000000000001, 0.026000000000000016, 0.014, 0.01800000000000001, 0.026000000000000016, 0
0, 0.01800000000000001, 0.027000000000000017, 0.014, 0.01800000000000001, 0.027000000000000017, 0
0, 0.01800000000000001, 0.028000000000000018, 0.014, 0.01800000000000001, 0.028000000000000018, 0
0, 0.01800000000000001, 0.02900000000000002, 0.014, 0.01800000000000001, 0.02900000000000002, 0
0, 0.01800000000000001, 0.03000000000000002, 0.014, 0.01800000000000001, 0.03000000000000002, 0.00958138296175971
0, 0.01800000000000001, 0.03100000000000002, 0.014, 0.01800000000000001, 0.03100000000000002, 0.00952441731318878
0, 0.01800000000000001, 0.03200000000000002, 0.014, 0.01800000000000001, 0.03200000000000002, 0.00947139161504547
0, 0.01800000000000001, 0.03300000000000002, 0.014, 0.01800000000000001, 0.03300000000000002, 0.00939261694306909
0, 0.01800000000000001, 0.03400000000000002, 0.014, 0.01800000000000001, 0.03400000000000002, 0.0094871344294324
0, 0.01800000000000001, 0.035000000000000024, 0.014, 0.01800000000000001, 0.035000000000000024, 0.00929999990906261
0, 0.01800000000000001, 0.036000000000000025, 0.014, 0.01800000000000001, 0.036000000000000025, 0.00941370501552047
0, 0.01800000000000001, 0.037000000000000026, 0.014, 0.01800000000000001, 0.037000000000000026, 0.00947260002172044
0, 0.01800000000000001, 0.03800000000000003, 0.014, 0.01800000000000001, 0.03800000000000003, 0.00953439604257767
0, 0.01800000000000001, 0.03900000000000003, 0.014, 0.01800000000000001, 0.03900000000000003, 0.00959999990612914
0, 0.01900000000000001, 0, 0.014, 0.01900000000000001, 0, 0.0101640561898097
0, 0.01900000000000001, 0.001, 0.014, 0.01900000000000001, 0.001, 0.00998936160444954
0, 0.01900000000000001, 0.002, 0.014, 0.01900000000000001, 0.002, 0.00977136028391102
0, 0.01900000000000001, 0.003, 0.014, 0.01900000000000001, 0.003, 0.00973532140868358
0, 0.01900000000000001, 0.004, 0.014, 0.01900000000000001, 0.004, 0.00970540531050387
0, 0.01900000000000001, 0.005, 0.014, 0.01900000000000001, 0.005, 0.00959999990612914
0, 0.01900000000000001, 0.006, 0.014, 0.01900000000000001, 0.006, 0.00976174998274881
0, 0.01900000000000001, 0.007, 0.014, 0.01900000000000001, 0.007, 0.00983753924883245
0, 0.01900000000000001, 0.008, 0.014, 0.01900000000000001, 0.008, 0.00959999990612914
0, 0.01900000000000001, 0.009000000000000001, 0.014, 0.01900000000000001, 0.009000000000000001, 0.00989999990319568
0, 0.01900000000000001, 0.010000000000000002, 0.014, 0.01900000000000001, 0.010000000000000002, 0.00984683527556745
0, 0.01900000000000001, 0.011000000000000003, 0.014, 0.01900000000000001, 0.011000000000000003, 0
0, 0.01900000000000001, 0.012000000000000004, 0.014, 0.01900000000000001, 0.012000000000000004, 0
0, 0.01900000000000001, 0.013000000000000005, 0.014, 0.01900000000000001, 0.013000000000000005, 0
0, 0.01900000000000001, 0.014000000000000005, 0.014, 0.01900000000000001, 0.014000000000000005, 0
0, 0.01900000000000001, 0.015000000000000006, 0.014, 0.01900000000000001, 0.015000000000000006, 0.00989571518162464
0, 0.01900000000000001, 0.016000000000000007, 0.014, 0.01900000000000001, 0.016000000000000007, 0.00974271017919162
0, 0.01900000000000001, 0.017000000000000008, 0.014, 0.01900000000000001, 0.017000000000000008, 0.00962134216258568
0, 0.01900000000000001, 0.01800000000000001, 0.014, 0.01900000000000001, 0.01800000000000001, 0.00959999990612914
0, 0.01900000000000001, 0.01900000000000001, 0.014, 0.01900000000000001, 0.01900000000000001, 0.00959999990612914
0, 0.01900000000000001, 0.02000000000000001, 0.014, 0.01900000000000001, 0.02000000000000001, 0.00965982758344969
0, 0.01900000000000001, 0.02100000000000001, 0.014, 0.01900000000000001, 0.02100000000000001, 0.00962969778896787
0, 0.01900000000000001, 0.022000000000000013, 0.014, 0.01900000000000001, 0.022000000000000013, 0.00967174364556901
0, 0.01900000000000001, 0.023000000000000013, 0.014, 0.01900000000000001, 0.023000000000000013, 0.00974628205902043
0, 0.01900000000000001, 0.024000000000000014, 0.014, 0.01900000000000001, 0.024000000000000014, 0.00981277947367439
0, 0.01900000000000001, 0.025000000000000015, 0.014, 0.01900000000000001, 0.025000000000000015, 0.000353646861785779
0, 0.01900000000000001, 0.026000000000000016, 0.014, 0.01900000000000001, 0.026000000000000016, 0
0, 0.01900000000000001, 0.027000000000000017, 0.014, 0.01900000000000001, 0.027000000000000017, 0
0, 0.01900000000000001, 0.028000000000000018, 0.014, 0.01900000000000001, 0.028000000000000018, 0
0, 0.01900000000000001, 0.02900000000000002, 0.014, 0.01900000000000001, 0.02900000000000002, 0
0, 0.01900000000000001, 0.03000000000000002, 0.014, 0.01900000000000001, 0.03000000000000002, 0.00959738427850827
0, 0.01900000000000001, 0.03100000000000002, 0.014, 0.01900000000000001, 0.03100000000000002, 0.00952049506534047
0, 0.01900000000000001, 0.03200000000000002, 0.014, 0.01900000000000001, 0.03200000000000002, 0.00943050660508358
0, 0.01900000000000001, 0.03300000000000002, 0.014, 0.01900000000000001, 0.03300000000000002, 0.00953587086413078
0, 0.01900000000000001, 0.03400000000000002, 0.014, 0.01900000000000001, 0.03400000000000002, 0.00952677125556002
0, 0.01900000000000001, 0.035000000000000024, 0.014, 0.01900000000000001, 0.035000000000000024, 0.00929999990906261
0, 0.01900000000000001, 0.036000000000000025, 0.014, 0.01900000000000001, 0.036000000000000025, 0.00945676510027684
0, 0.01900000000000001, 0.037000000000000026, 0.014, 0.01900000000000001, 0.037000000000000026, 0.00943768031607491
0, 0.01900000000000001, 0.03800000000000003, 0.014, 0.01900000000000001, 0.03800000000000003, 0.00946600121540373
0, 0.01900000000000001, 0.03900000000000003, 0.014, 0.01900000000000001, 0.03900000000000003, 0.00977750708436895
0, 0.02000000000000001, 0, 0.014, 0.02000000000000001, 0, 0.0101598466594973
0, 0.02000000000000001, 0.001, 0.014, 0.02000000000000001, 0.001, 0.010015384517452
0, 0.02000000000000001, 0.002, 0.014, 0.02000000000000001, 0.002, 0.00978456360070887
0, 0.02000000000000001, 0.003, 0.014, 0.02000000000000001, 0.003, 0.00959999990612914
0, 0.02000000000000001, 0.004, 0.014, 0.02000000000000001, 0.004, 0.00959999990612914
0, 0.02000000000000001, 0.005, 0.014, 0.02000000000000001, 0.005, 0.00977564967252569
0, 0.02000000000000001, 0.006, 0.014, 0.02000000000000001, 0.006, 0.00959999990612914
0, 0.02000000000000001, 0.007, 0.014, 0.02000000000000001, 0.007, 0.00970377041447667
0, 0.02000000000000001, 0.008, 0.014, 0.02000000000000001, 0.008, 0.00973816007986325
0, 0.02000000000000001, 0.009000000000000001, 0.014, 0.02000000000000001, 0.009000000000000001, 0.00989999990319568
0, 0.02000000000000001, 0.010000000000000002, 0.014, 0.02000000000000001, 0.010000000000000002, 0.0099928568518555
0, 0.02000000000000001, 0.011000000000000003, 0.014, 0.02000000000000001, 0.011000000000000003, 0
0, 0.02000000000000001, 0.012000000000000004, 0.014, 0.02000000000000001, 0.012000000000000004, 0
0, 0.02000000000000001, 0.013000000000000005, 0.014, 0.02000000000000001, 0.013000000000000005, 0
0, 0.02000000000000001, 0.014000000000000005, 0.014, 0.02000000000000001, 0.014000000000000005, 0
0, 0.02000000000000001, 0.015000000000000006, 0.014, 0.02000000000000001, 0.015000000000000006, 0.00989849462962985
0, 0.02000000000000001, 0.016000000000000007, 0.014, 0.02000000000000001, 0.016000000000000007, 0.00979053094350407
0, 0.02000000000000001, 0.017000000000000008, 0.014, 0.02000000000000001, 0.017000000000000008, 0.00959999990612914
0, 0.02000000000000001, 0.01800000000000001, 0.014, 0.02000000000000001, 0.01800000000000001, 0.00960858794144985
0, 0.02000000000000001, 0.01900000000000001, 0.014, 0.02000000000000001, 0.01900000000000001, 0.00961094572161512
0, 0.02000000000000001, 0.02000000000000001, 0.014, 0.02000000000000001, 0.02000000000000001, 0.00961895876955975
0, 0.02000000000000001, 0.02100000000000001, 0.014, 0.02000000000000001, 0.02100000000000001, 0.00964758752836594
0, 0.02000000000000001, 0.022000000000000013, 0.014, 0.02000000000000001, 0.022000000000000013, 0.00959999990612914
0, 0.02000000000000001, 0.023000000000000013, 0.014, 0.02000000000000001, 0.023000000000000013, 0.00959999990612914
0, 0.02000000000000001, 0.024000000000000014, 0.014, 0.02000000000000001, 0.024000000000000014, 0.00981177289428512
0, 0.02000000000000001, 0.025000000000000015, 0.014, 0.02000000000000001, 0.025000000000000015, 0.000316453340058651
0, 0.02000000000000001, 0.026000000000000016, 0.014, 0.02000000000000001, 0.026000000000000016, 0
0, 0.02000000000000001, 0.027000000000000017, 0.014, 0.02000000000000001, 0.027000000000000017, 0
0, 0.02000000000000001, 0.028000000000000018, 0.014, 0.02000000000000001, 0.028000000000000018, 0
0, 0.02000000000000001, 0.02900000000000002, 0.014, 0.02000000000000001, 0.02900000000000002, 0
0, 0.02000000000000001, 0.03000000000000002, 0.014, 0.02000000000000001, 0.03000000000000002, 0.00959821873160604
0, 0.02000000000000001, 0.03100000000000002, 0.014, 0.02000000000000001, 0.03100000000000002, 0.00959999990612914
0, 0.02000000000000001, 0.03200000000000002, 0.014, 0.02000000000000001, 0.03200000000000002, 0.00946794393937423
0, 0.02000000000000001, 0.03300000000000002, 0.014, 0.02000000000000001, 0.03300000000000002, 0.00948262327577854
0, 0.02000000000000001, 0.03400000000000002, 0.014, 0.02000000000000001, 0.03400000000000002, 0.00929999990906261
0, 0.02000000000000001, 0.035000000000000024, 0.014, 0.02000000000000001, 0.035000000000000024, 0.00948114807871617
0, 0.02000000000000001, 0.036000000000000025, 0.014, 0.02000000000000001, 0.036000000000000025, 0.00929999990906261
0, 0.02000000000000001, 0.037000000000000026, 0.014, 0.02000000000000001, 0.037000000000000026, 0.00945340198571431
0, 0.02000000000000001, 0.03800000000000003, 0.014, 0.02000000000000001, 0.03800000000000003, 0.00959999990612914
0, 0.02000000000000001, 0.03900000000000003, 0.014, 0.02000000000000001, 0.03900000000000003, 0.00977432882764992
0, 0.02100000000000001, 0, 0.014, 0.02100000000000001, 0, 0.00997745107996283
0, 0.02100000000000001, 0.001, 0.014, 0.02100000000000001, 0.001, 0.00992991056567348
0, 0.02100000000000001, 0.002, 0.014, 0.02100000000000001, 0.002, 0.00989999990319568
0, 0.02100000000000001, 0.003, 0.014, 0.02100000000000001, 0.003, 0.00978623987403843
0, 0.02100000000000001, 0.004, 0.014, 0.02100000000000001, 0.004, 0.00959999990612914
0, 0.02100000000000001, 0.005, 0.014, 0.02100000000000001, 0.005, 0.0097494713664405
0, 0.02100000000000001, 0.006, 0.014, 0.02100000000000001, 0.006, 0.00976560115205891
0, 0.02100000000000001, 0.007, 0.014, 0.02100000000000001, 0.007, 0.00969839883500134
0, 0.02100000000000001, 0.008, 0.014, 0.02100000000000001, 0.008, 0.00959999990612914
0, 0.02100000000000001, 0.009000000000000001, 0.014, 0.02100000000000001, 0.009000000000000001, 0.00987041005973501
0, 0.02100000000000001, 0.010000000000000002, 0.014, 0.02100000000000001, 0.010000000000000002, 0.00997096511508531
0, 0.02100000000000001, 0.011000000000000003, 0.014, 0.02100000000000001, 0.011000000000000003, 0
0, 0.02100000000000001, 0.012000000000000004, 0.014, 0.02100000000000001, 0.012000000000000004, 0
0, 0.02100000000000001, 0.013000000000000005, 0.014, 0.02100000000000001, 0.013000000000000005, 0
0, 0.02100000000000001, 0.014000000000000005, 0.014, 0.02100000000000001, 0.014000000000000005, 0
0, 0.02100000000000001, 0.015000000000000006, 0.014, 0.02100000000000001, 0.015000000000000006, 0.00988886971042865
0, 0.02100000000000001, 0.016000000000000007, 0.014, 0.02100000000000001, 0.016000000000000007, 0.00959999990612914
0, 0.02100000000000001, 0.017000000000000008, 0.014, 0.02100000000000001, 0.017000000000000008, 0.00968021173250374
0, 0.02100000000000001, 0.01800000000000001, 0.014, 0.02100000000000001, 0.01800000000000001, 0.00961444513598016
0, 0.02100000000000001, 0.01900000000000001, 0.014, 0.02100000000000001, 0.01900000000000001, 0.00959999990612914
0, 0.02100000000000001, 0.02000000000000001, 0.014, 0.02100000000000001, 0.02000000000000001, 0.00967142847685927
0, 0.02100000000000001, 0.02100000000000001, 0.014, 0.02100000000000001, 0.02100000000000001, 0.00970760392591094
0, 0.02100000000000001, 0.022000000000000013, 0.014, 0.02100000000000001, 0.022000000000000013, 0.00970938035292413
0, 0.02100000000000001, 0.023000000000000013, 0.014, 0.02100000000000001, 0.023000000000000013, 0.00959999990612914
0, 0.02100000000000001, 0.024000000000000014, 0.014, 0.02100000000000001, 0.024000000000000014, 0.00979031684958259
0, 0.02100000000000001, 0.025000000000000015, 0.014, 0.02100000000000001, 0.025000000000000015, 0.000306757590155366
0, 0.02100000000000001, 0.026000000000000016, 0.014, 0.02100000000000001, 0.026000000000000016, 0
0, 0.02100000000000001, 0.027000000000000017, 0.014, 0.02100000000000001, 0.027000000000000017, 0
0, 0.02100000000000001, 0.028000000000000018, 0.014, 0.02100000000000001, 0.028000000000000018, 0
0, 0.02100000000000001, 0.02900000000000002, 0.014, 0.02100000000000001, 0.02900000000000002, 0
0, 0.02100000000000001, 0.03000000000000002, 0.014, 0.02100000000000001, 0.03000000000000002, 0.00958805699509785
0, 0.02100000000000001, 0.03100000000000002, 0.014, 0.02100000000000001, 0.03100000000000002, 0.0096310359698544
0, 0.02100000000000001, 0.03200000000000002, 0.014, 0.02100000000000001, 0.03200000000000002, 0.00929999990906261
0, 0.02100000000000001, 0.03300000000000002, 0.014, 0.02100000000000001, 0.03300000000000002, 0.00950480784420518
0, 0.02100000000000001, 0.03400000000000002, 0.014, 0.02100000000000001, 0.03400000000000002, 0.00929999990906261
0, 0.02100000000000001, 0.035000000000000024, 0.014, 0.02100000000000001, 0.035000000000000024, 0.00929999990906261
0, 0.02100000000000001, 0.036000000000000025, 0.014, 0.02100000000000001, 0.036000000000000025, 0.00944284714465674
0, 0.02100000000000001, 0.037000000000000026, 0.014, 0.02100000000000001, 0.037000000000000026, 0.00949229428427086
0, 0.02100000000000001, 0.03800000000000003, 0.014, 0.02100000000000001, 0.03800000000000003, 0.00959999990612914
0, 0.02100000000000001, 0.03900000000000003, 0.014, 0.02100000000000001, 0.03900000000000003, 0.00967948576581887
0, 0.022000000000000013, 0, 0.014, 0.022000000000000013, 0, 0.0100867236872325
0, 0.022000000000000013, 0.001, 0.014, 0.022000000000000013, 0.001, 0.00993107786526052
0, 0.022000000000000013, 0.002, 0.014, 0.022000000000000013, 0.002, 0.00985260839960978
0, 0.022000000000000013, 0.003, 0.014, 0.022000000000000013, 0.003, 0.00982313151291033
0, 0.022000000000000013, 0.004, 0.014, 0.022000000000000013, 0.004, 0.00975345076322165
0, 0.022000000000000013, 0.005, 0.014, 0.022000000000000013, 0.005, 0.00974636544889789
0, 0.022000000000000013, 0.006, 0.014, 0.022000000000000013, 0.006, 0.00973886932744543
0, 0.022000000000000013, 0.007, 0.014, 0.022000000000000013, 0.007, 0.00976933804138471
0, 0.022000000000000013, 0.008, 0.014, 0.022000000000000013, 0.008, 0.00980172138762568
0, 0.022000000000000013, 0.009000000000000001, 0.014, 0.022000000000000013, 0.009000000000000001, 0.00989999990319568
0, 0.022000000000000013, 0.010000000000000002, 0.014, 0.022000000000000013, 0.010000000000000002, 0.00982032074564483
0, 0.022000000000000013, 0.011000000000000003, 0.014, 0.022000000000000013, 0.011000000000000003, 0
0, 0.022000000000000013, 0.012000000000000004, 0.014, 0.022000000000000013, 0.012000000000000004, 0
0, 0.022000000000000013, 0.013000000000000005, 0.014, 0.022000000000000013, 0.013000000000000005, 0
0, 0.022000000000000013, 0.014000000000000005, 0.014, 0.022000000000000013, 0.014000000000000005, 0
0, 0.022000000000000013, 0.015000000000000006, 0.014, 0.022000000000000013, 0.015000000000000006, 0.00982773758546994
0, 0.022000000000000013, 0.016000000000000007, 0.014, 0.022000000000000013, 0.016000000000000007, 0.00989999990319568
0, 0.022000000000000013, 0.017000000000000008, 0.014, 0.022000000000000013, 0.017000000000000008, 0.00975850214952861
0, 0.022000000000000013, 0.01800000000000001, 0.014, 0.022000000000000013, 0.01800000000000001, 0.00966779447728315
0, 0.022000000000000013, 0.01900000000000001, 0.014, 0.022000000000000013, 0.01900000000000001, 0.00959999990612914
0, 0.022000000000000013, 0.02000000000000001, 0.014, 0.022000000000000013, 0.02000000000000001, 0.00964998629939008
0, 0.022000000000000013, 0.02100000000000001, 0.014, 0.022000000000000013, 0.02100000000000001, 0.00967184724142085
0, 0.022000000000000013, 0.022000000000000013, 0.014, 0.022000000000000013, 0.022000000000000013, 0.00959999990612914
0, 0.022000000000000013, 0.023000000000000013, 0.014, 0.022000000000000013, 0.023000000000000013, 0.00959999990612914
0, 0.022000000000000013, 0.024000000000000014, 0.014, 0.022000000000000013, 0.024000000000000014, 0.00981124791446047
0, 0.022000000000000013, 0.025000000000000015, 0.014, 0.022000000000000013, 0.025000000000000015, 0.000278023541235323
0, 0.022000000000000013, 0.026000000000000016, 0.014, 0.022000000000000013, 0.026000000000000016, 0
0, 0.022000000000000013, 0.027000000000000017, 0.014, 0.022000000000000013, 0.027000000000000017, 0
0, 0.022000000000000013, 0.028000000000000018, 0.014, 0.022000000000000013, 0.028000000000000018, 0
0, 0.022000000000000013, 0.02900000000000002, 0.014, 0.022000000000000013, 0.02900000000000002, 0
0, 0.022000000000000013, 0.03000000000000002, 0.014, 0.022000000000000013, 0.03000000000000002, 0.00960253816096139
0, 0.022000000000000013, 0.03100000000000002, 0.014, 0.022000000000000013, 0.03100000000000002, 0.00962395260236733
0, 0.022000000000000013, 0.03200000000000002, 0.014, 0.022000000000000013, 0.03200000000000002, 0.00947215207493794
0, 0.022000000000000013, 0.03300000000000002, 0.014, 0.022000000000000013, 0.03300000000000002, 0.00948116166857504
0, 0.022000000000000013, 0.03400000000000002, 0.014, 0.022000000000000013, 0.03400000000000002, 0.00947825292021519
0, 0.022000000000000013, 0.035000000000000024, 0.014, 0.022000000000000013, 0.035000000000000024, 0.00950108139761305
0, 0.022000000000000013, 0.036000000000000025, 0.014, 0.022000000000000013, 0.036000000000000025, 0.00949964709529706
0, 0.022000000000000013, 0.037000000000000026, 0.014, 0.022000000000000013, 0.037000000000000026, 0.00948772167226837
0, 0.022000000000000013, 0.03800000000000003, 0.014, 0.022000000000000013, 0.03800000000000003, 0.00953976981252367
0, 0.022000000000000013, 0.03900000000000003, 0.014, 0.022000000000000013, 0.03900000000000003, 0.00971589339113807
0, 0.023000000000000013, 0, 0.014, 0.023000000000000013, 0, 0.0102676873037561
0, 0.023000000000000013, 0.001, 0.014, 0.023000000000000013, 0.001, 0.0100983253504847
0, 0.023000000000000013, 0.002, 0.014, 0.023000000000000013, 0.002, 0.00999131710296346
0, 0.023000000000000013, 0.003, 0.014, 0.023000000000000013, 0.003, 0.00989999990319568
0, 0.023000000000000013, 0.004, 0.014, 0.023000000000000013, 0.004, 0.00989999990319568
0, 0.023000000000000013, 0.005, 0.014, 0.023000000000000013, 0.005, 0.00989999990319568
0, 0.023000000000000013, 0.006, 0.014, 0.023000000000000013, 0.006, 0.00989179611666434
0, 0.023000000000000013, 0.007, 0.014, 0.023000000000000013, 0.007, 0.00989999990319568
0, 0.023000000000000013, 0.008, 0.014, 0.023000000000000013, 0.008, 0.00988582458962312
0, 0.023000000000000013, 0.009000000000000001, 0.014, 0.023000000000000013, 0.009000000000000001, 0.00989999990319568
0, 0.023000000000000013, 0.010000000000000002, 0.014, 0.023000000000000013, 0.010000000000000002, 0.0102176297108688
0, 0.023000000000000013, 0.011000000000000003, 0.014, 0.023000000000000013, 0.011000000000000003, 0
0, 0.023000000000000013, 0.012000000000000004, 0.014, 0.023000000000000013, 0.012000000000000004, 0
0, 0.023000000000000013, 0.013000000000000005, 0.014, 0.023000000000000013, 0.013000000000000005, 0
0, 0.023000000000000013, 0.014000000000000005, 0.014, 0.023000000000000013, 0.014000000000000005, 0
0, 0.023000000000000013, 0.015000000000000006, 0.014, 0.023000000000000013, 0.015000000000000006, 0.00995839388636197
0, 0.023000000000000013, 0.016000000000000007, 0.014, 0.023000000000000013, 0.016000000000000007, 0.00987825226661329
0, 0.023000000000000013, 0.017000000000000008, 0.014, 0.023000000000000013, 0.017000000000000008, 0.00981976775461764
0, 0.023000000000000013, 0.01800000000000001, 0.014, 0.023000000000000013, 0.01800000000000001, 0.00985481535692844
0, 0.023000000000000013, 0.01900000000000001, 0.014, 0.023000000000000013, 0.01900000000000001, 0.00982428282429662
0, 0.023000000000000013, 0.02000000000000001, 0.014, 0.023000000000000013, 0.02000000000000001, 0.00979761233286201
0, 0.023000000000000013, 0.02100000000000001, 0.014, 0.023000000000000013, 0.02100000000000001, 0.00980948398654117
0, 0.023000000000000013, 0.022000000000000013, 0.014, 0.023000000000000013, 0.022000000000000013, 0.00984700850156464
0, 0.023000000000000013, 0.023000000000000013, 0.014, 0.023000000000000013, 0.023000000000000013, 0.009853207748149
0, 0.023000000000000013, 0.024000000000000014, 0.014, 0.023000000000000013, 0.024000000000000014, 0.00992860276303891
0, 0.023000000000000013, 0.025000000000000015, 0.014, 0.023000000000000013, 0.025000000000000015, 0.000389038713942631
0, 0.023000000000000013, 0.026000000000000016, 0.014, 0.023000000000000013, 0.026000000000000016, 0
0, 0.023000000000000013, 0.027000000000000017, 0.014, 0.023000000000000013, 0.027000000000000017, 0
0, 0.023000000000000013, 0.028000000000000018, 0.014, 0.023000000000000013, 0.028000000000000018, 0
0, 0.023000000000000013, 0.02900000000000002, 0.014, 0.023000000000000013, 0.02900000000000002, 0
0, 0.023000000000000013, 0.03000000000000002, 0.014, 0.023000000000000013, 0.03000000000000002, 0.00985583399731746
0, 0.023000000000000013, 0.03100000000000002, 0.014, 0.023000000000000013, 0.03100000000000002, 0.00977445417621666
0, 0.023000000000000013, 0.03200000000000002, 0.014, 0.023000000000000013, 0.03200000000000002, 0.00966105917782137
0, 0.023000000000000013, 0.03300000000000002, 0.014, 0.023000000000000013, 0.03300000000000002, 0.00959999990612914
0, 0.023000000000000013, 0.03400000000000002, 0.014, 0.023000000000000013, 0.03400000000000002, 0.00964195420552645
0, 0.023000000000000013, 0.035000000000000024, 0.014, 0.023000000000000013, 0.035000000000000024, 0.00959999990612914
0, 0.023000000000000013, 0.036000000000000025, 0.014, 0.023000000000000013, 0.036000000000000025, 0.00963425502520733
0, 0.023000000000000013, 0.037000000000000026, 0.014, 0.023000000000000013, 0.037000000000000026, 0.00966848762714105
0, 0.023000000000000013, 0.03800000000000003, 0.014, 0.023000000000000013, 0.03800000000000003, 0.00959999990612914
0, 0.023000000000000013, 0.03900000000000003, 0.014, 0.023000000000000013, 0.03900000000000003, 0.00982555141974129
0, 0.024000000000000014, 0, 0.014, 0.024000000000000014, 0, 8.27792264473421e-05
0, 0.024000000000000014, 0.001, 0.014, 0.024000000000000014, 0.001, 9.56695498857078e-05
0, 0.024000000000000014, 0.002, 0.014, 0.024000000000000014, 0.002, 0.000114308335259412
0, 0.024000000000000014, 0.003, 0.014, 0.024000000000000014, 0.003, 9.97956892030467e-05
0, 0.024000000000000014, 0.004, 0.014, 0.024000000000000014, 0.004, 0.00010163391431134
0, 0.024000000000000014, 0.005, 0.014, 0.024000000000000014, 0.005, 0.000148146404367472
0, 0.024000000000000014, 0.006, 0.014, 0.024000000000000014, 0.006, 0.000117117726775209
0, 0.024000000000000014, 0.007, 0.014, 0.024000000000000014, 0.007, 0.000120566641850524
0, 0.024000000000000014, 0.008, 0.014, 0.024000000000000014, 0.008, 9.75552221534212e-05
0, 0.024000000000000014, 0.009000000000000001, 0.014, 0.024000000000000014, 0.009000000000000001, 7.82600723005148e-05
0, 0.024000000000000014, 0.010000000000000002, 0.014, 0.024000000000000014, 0.010000000000000002, 5.4382978191636e-05
0, 0.024000000000000014, 0.011000000000000003, 0.014, 0.024000000000000014, 0.011000000000000003, 0
0, 0.024000000000000014, 0.012000000000000004, 0.014, 0.024000000000000014, 0.012000000000000004, 0
0, 0.024000000000000014, 0.013000000000000005, 0.014, 0.024000000000000014, 0.013000000000000005, 0
0, 0.024000000000000014, 0.014000000000000005, 0.014, 0.024000000000000014, 0.014000000000000005, 0
0, 0.024000000000000014, 0.015000000000000006, 0.014, 0.024000000000000014, 0.015000000000000006, 2.99999997066529e-05
0, 0.024000000000000014, 0.016000000000000007, 0.014, 0.024000000000000014, 0.016000000000000007, 7.83621659328564e-05
0, 0.024000000000000014, 0.017000000000000008, 0.014, 0.024000000000000014, 0.017000000000000008, 0.000142492258645532
0, 0.024000000000000014, 0.01800000000000001, 0.014, 0.024000000000000014, 0.01800000000000001, 0.000139019692074874
0, 0.024000000000000014, 0.01900000000000001, 0.014, 0.024000000000000014, 0.01900000000000001, 0.000162578834493682
0, 0.024000000000000014, 0.02000000000000001, 0.014, 0.024000000000000014, 0.02000000000000001, 0.000157381316970669
0, 0.024000000000000014, 0.02100000000000001, 0.014, 0.024000000000000014, 0.02100000000000001, 6.67116739783213e-05
0, 0.024000000000000014, 0.022000000000000013, 0.014, 0.024000000000000014, 0.022000000000000013, 0.000113979250568244
0, 0.024000000000000014, 0.023000000000000013, 0.014, 0.024000000000000014, 0.023000000000000013, 0.000117349279642029
0, 0.024000000000000014, 0.024000000000000014, 0.014, 0.024000000000000014, 0.024000000000000014, 0.000103393140518996
0, 0.024000000000000014, 0.025000000000000015, 0.014, 0.024000000000000014, 0.025000000000000015, 8.39999991786305e-05
0, 0.024000000000000014, 0.026000000000000016, 0.014, 0.024000000000000014, 0.026000000000000016, 0
0, 0.024000000000000014, 0.027000000000000017, 0.014, 0.024000000000000014, 0.027000000000000017, 0
0, 0.024000000000000014, 0.028000000000000018, 0.014, 0.024000000000000014, 0.028000000000000018, 0
0, 0.024000000000000014, 0.02900000000000002, 0.014, 0.024000000000000014, 0.02900000000000002, 0
0, 0.024000000000000014, 0.03000000000000002, 0.014, 0.024000000000000014, 0.03000000000000002, 5.39999994719759e-05
0, 0.024000000000000014, 0.03100000000000002, 0.014, 0.024000000000000014, 0.03100000000000002, 8.99891621015764e-05
0, 0.024000000000000014, 0.03200000000000002, 0.014, 0.024000000000000014, 0.03200000000000002, 9.98044332043514e-05
0, 0.024000000000000014, 0.03300000000000002, 0.014, 0.024000000000000014, 0.03300000000000002, 0.000100263207170469
0, 0.024000000000000014, 0.03400000000000002, 0.014, 0.024000000000000014, 0.03400000000000002, 0.00011348087378641
0, 0.024000000000000014, 0.035000000000000024, 0.014, 0.024000000000000014, 0.035000000000000024, 0.000100746693222068
0, 0.024000000000000014, 0.036000000000000025, 0.014, 0.024000000000000014, 0.036000000000000025, 9.96654947787385e-05
0, 0.024000000000000014, 0.037000000000000026, 0.014, 0.024000000000000014, 0.037000000000000026, 0.00010096785029388
0, 0.024000000000000014, 0.03800000000000003, 0.014, 0.024000000000000014, 0.03800000000000003, 8.39239052672494e-05
0, 0.024000000000000014, 0.03900000000000003, 0.014, 0.024000000000000014, 0.03900000000000003, 0.000105120401546649
0, 0.025000000000000015, 0, 0.014, 0.025000000000000015, 0, 0
0, 0.025000000000000015, 0.001, 0.014, 0.025000000000000015, 0.001, 0
0, 0.025000000000000015, 0.002, 0.014, 0.025000000000000015, 0.002, 0
0, 0.025000000000000015, 0.003, 0.014, 0.025000000000000015, 0.003, 0
0, 0.025000000000000015, 0.004, 0.014, 0.025000000000000015, 0.004, 0
0, 0.025000000000000015, 0.005, 0.014, 0.025000000000000015, 0.005, 0
0, 0.025000000000000015, 0.006, 0.014, 0.025000000000000015, 0.006, 0
0, 0.025000000000000015, 0.007, 0.014, 0.025000000000000015, 0.007, 0
0, 0.025000000000000015, 0.008, 0.014, 0.025000000000000015, 0.008, 0
0, 0.025000000000000015, 0.009000000000000001, 0.014, 0.025000000000000015, 0.009000000000000001, 0
0, 0.025000000000000015, 0.010000000000000002, 0.014, 0.025000000000000015, 0.010000000000000002, 0
0, 0.025000000000000015, 0.011000000000000003, 0.014, 0.025000000000000015, 0.011000000000000003, 0
0, 0.025000000000000015, 0.012000000000000004, 0.014, 0.025000000000000015, 0.012000000000000004, 0
0, 0.025000000000000015, 0.013000000000000005, 0.014, 0.025000000000000015, 0.013000000000000005, 0
0, 0.025000000000000015, 0.014000000000000005, 0.014, 0.025000000000000015, 0.014000000000000005, 0
0, 0.025000000000000015, 0.015000000000000006, 0.014, 0.025000000000000015, 0.015000000000000006, 0
0, 0.025000000000000015, 0.016000000000000007, 0.014, 0.025000000000000015, 0.016000000000000007, 0
0, 0.025000000000000015, 0.017000000000000008, 0.014, 0.025000000000000015, 0.017000000000000008, 0
0, 0.025000000000000015, 0.01800000000000001, 0.014, 0.025000000000000015, 0.01800000000000001, 0
0, 0.025000000000000015, 0.01900000000000001, 0.014, 0.025000000000000015, 0.01900000000000001, 0
0, 0.025000000000000015, 0.02000000000000001, 0.014, 0.025000000000000015, 0.02000000000000001, 0
0, 0.025000000000000015, 0.02100000000000001, 0.014, 0.025000000000000015, 0.02100000000000001, 0
0, 0.025000000000000015, 0.022000000000000013, 0.014, 0.025000000000000015, 0.022000000000000013, 0
0, 0.025000000000000015, 0.023000000000000013, 0.014, 0.025000000000000015, 0.023000000000000013, 0
0, 0.025000000000000015, 0.024000000000000014, 0.014, 0.025000000000000015, 0.024000000000000014, 0
0, 0.025000000000000015, 0.025000000000000015, 0.014, 0.025000000000000015, 0.025000000000000015, 0
0, 0.025000000000000015, 0.026000000000000016, 0.014, 0.025000000000000015, 0.026000000000000016, 0
0, 0.025000000000000015, 0.027000000000000017, 0.014, 0.025000000000000015, 0.027000000000000017, 0
0, 0.025000000000000015, 0.028000000000000018, 0.014, 0.025000000000000015, 0.028000000000000018, 0
0, 0.025000000000000015, 0.02900000000000002, 0.014, 0.025000000000000015, 0.02900000000000002, 0
0, 0.025000000000000015, 0.03000000000000002, 0.014, 0.025000000000000015, 0.03000000000000002, 0
0, 0.025000000000000015, 0.03100000000000002, 0.014, 0.025000000000000015, 0.03100000000000002, 0
0, 0.025000000000000015, 0.03200000000000002, 0.014, 0.025000000000000015, 0.03200000000000002, 0
0, 0.025000000000000015, 0.03300000000000002, 0.014, 0.025000000000000015, 0.03300000000000002, 0
0, 0.025000000000000015, 0.03400000000000002, 0.014, 0.025000000000000015, 0.03400000000000002, 0
0, 0.025000000000000015, 0.035000000000000024, 0.014, 0.025000000000000015, 0.035000000000000024, 0
0, 0.025000000000000015, 0.036000000000000025, 0.014, 0.025000000000000015, 0.036000000000000025, 0
0, 0.025000000000000015, 0.037000000000000026, 0.014, 0.025000000000000015, 0.037000000000000026, 0
0, 0.025000000000000015, 0.03800000000000003, 0.014, 0.025000000000000015, 0.03800000000000003, 0
0, 0.025000000000000015, 0.03900000000000003, 0.014, 0.025000000000000015, 0.03900000000000003, 0
